IsWorking: true
StartTime: 2026-01-10T12:49:20.6639351+02:00
IsPaused: false
PauseTime: 2026-01-10T12:49:23.6645871+02:00
PausedDuration: 4.0004768s
Split:
    - CheckTime: 2026-01-10T12:49:23.6645871+02:00
      PausedBefore: 0s
    - CheckTime: 2026-01-10T12:49:37.665382+02:00
      PausedBefore: 4.0004768s
