IsWorking: true
StartTime: 2026-01-08T22:48:03.1870093+02:00
IsPaused: false
PauseTime: 2026-01-08T22:48:06.1876368+02:00
PausedDuration: 4.0003072s
Split:
    - checktime: 2026-01-08T22:48:06.1876368+02:00
      pausedbefore: 0s
    - checktime: 2026-01-08T22:48:20.1881411+02:00
      pausedbefore: 4.0003072s
