IsWorking: true
StartTime: 2026-01-10T13:15:57.2009816+02:00
IsPaused: false
PauseTime: 2026-01-10T13:16:00.2015262+02:00
PausedDuration: 4.0001982s
Split:
    - CheckTime: 2026-01-10T13:16:00.2015262+02:00
      PausedBefore: 0s
    - CheckTime: 2026-01-10T13:16:14.2019817+02:00
      PausedBefore: 4.0001982s
